---
docs/images/sahand-babali-arduino-8f057797.jpg: 2022-04-26 19:52:37.933173013 +00:00
docs/images/SVG_4-1957e3a7.svg: 2022-04-26 19:52:49.553340853 +00:00
docs/images/alphacolor-headphones-840c01a6.jpg: 2022-04-26 19:52:37.933173013 +00:00
docs/images/haml-code-ea947a02.png: 2022-04-26 19:52:57.133457595 +00:00
