---
docs/images/sahand-babali-arduino-8f057797.jpg: 2022-04-26 19:26:56.852706960 +00:00
docs/images/SVG_2-c4303923.svg: 2022-04-26 19:26:58.388775351 +00:00
docs/images/alphacolor-headphones-840c01a6.jpg: 2022-04-26 19:26:56.848706782 +00:00
docs/images/haml-code-ea947a02.png: 2022-04-26 19:27:15.701552275 +00:00
