---
docs/images/sahand-babali-arduino-8f057797.jpg: 2022-04-26 17:51:46.262699787 +00:00
docs/images/SVG_2-c4303923.svg: 2022-04-26 17:51:47.734709909 +00:00
docs/images/alphacolor-headphones-840c01a6.jpg: 2022-04-26 17:51:46.262699787 +00:00
docs/images/haml-code-ea947a02.png: 2022-04-26 17:52:04.091575968 +00:00
