---
docs/images/sahand-babali-arduino-8f057797.jpg: 2022-04-26 19:54:42.101138191 +00:00
docs/images/SVG_4-1957e3a7.svg: 2022-04-26 19:54:53.397259646 +00:00
docs/images/alphacolor-headphones-840c01a6.jpg: 2022-04-26 19:54:42.101138191 +00:00
docs/images/haml-code-ea947a02.png: 2022-04-26 19:55:01.553377310 +00:00
