---
docs/images/sahand-babali-arduino-8f057797.jpg: 2022-04-26 21:38:55.145127959 +00:00
docs/images/icon-d473847f.svg: 2022-04-26 21:39:24.758106743 +00:00
docs/images/apple-touch-icon-a60167bf.png: 2022-04-26 21:39:28.917538418 +00:00
docs/images/alphacolor-headphones-840c01a6.jpg: 2022-04-26 21:38:55.133126872 +00:00
docs/images/icon-512-7f5f6fb2.png: 2022-04-26 21:39:58.237867249 +00:00
docs/images/haml-code-ea947a02.png: 2022-04-26 21:39:48.649567760 +00:00
docs/images/icon-192-bc5a0f46.png: 2022-04-26 21:39:53.889746661 +00:00
