---
docs/images/sahand-babali-arduino-8f057797.jpg: 2022-04-26 20:36:01.936792619 +00:00
docs/images/SVG_4-1957e3a7.svg: 2022-04-26 20:36:11.432778536 +00:00
docs/images/alphacolor-headphones-840c01a6.jpg: 2022-04-26 20:36:01.936792619 +00:00
docs/images/haml-code-ea947a02.png: 2022-04-26 20:36:20.232762349 +00:00
