---
docs/images/alphacolor-headphones-840c01a6.jpg: 2022-04-21 20:04:02.405974314 -04:00
docs/images/sahand-babali-arduino-8f057797.jpg: 2022-04-21 20:04:02.405974314 -04:00
docs/images/haml-code-ea947a02.png: 2022-04-21 20:04:16.882807683 -04:00
docs/images/SVG_2-c4303923.svg: 2022-04-21 20:28:02.792257112 -04:00
