docs/images/icon-d473847f.svg: 2023-09-25 13:07:59.678403106 -04:00
docs/images/alphacolor-headphones-840c01a6.jpg: 2023-09-25 13:07:55.861691194 -04:00
docs/images/sahand-babali-arduino-8f057797.jpg: 2023-09-25 13:07:55.858357822 -04:00
docs/images/icon-512-7f5f6fb2.png: 2023-09-25 13:08:27.365398727 -04:00
docs/images/haml-code-ea947a02.png: 2023-09-25 13:08:14.861916678 -04:00
docs/images/apple-touch-icon-a60167bf.png: 2023-09-25 13:08:03.291779297 -04:00
docs/images/icon-192-bc5a0f46.png: 2023-09-25 13:08:03.335113145 -04:00
